(kicad_pcb (version 20171130) (host pcbnew "(5.1.9)-1")

  (general
    (thickness 1.6)
    (drawings 4)
    (tracks 629)
    (zones 0)
    (modules 143)
    (nets 122)
  )

  (page A4)
  (layers
    (0 F.Cu signal)
    (1 In1.Cu power hide)
    (2 In2.Cu power)
    (31 B.Cu mixed)
    (32 B.Adhes user)
    (33 F.Adhes user)
    (34 B.Paste user)
    (35 F.Paste user)
    (36 B.SilkS user)
    (37 F.SilkS user)
    (38 B.Mask user)
    (39 F.Mask user)
    (40 Dwgs.User user)
    (41 Cmts.User user)
    (42 Eco1.User user)
    (43 Eco2.User user)
    (44 Edge.Cuts user)
    (45 Margin user)
    (46 B.CrtYd user)
    (47 F.CrtYd user)
    (48 B.Fab user)
    (49 F.Fab user hide)
  )

  (setup
    (last_trace_width 0.2)
    (user_trace_width 0.13)
    (user_trace_width 0.15)
    (user_trace_width 0.2)
    (user_trace_width 0.25)
    (user_trace_width 0.3)
    (user_trace_width 0.4)
    (user_trace_width 0.5)
    (user_trace_width 0.6)
    (trace_clearance 0.14)
    (zone_clearance 0.508)
    (zone_45_only no)
    (trace_min 0.13)
    (via_size 0.8)
    (via_drill 0.4)
    (via_min_size 0.4)
    (via_min_drill 0.25)
    (user_via 0.5 0.25)
    (user_via 0.6858 0.3302)
    (uvia_size 0.3)
    (uvia_drill 0.1)
    (uvias_allowed no)
    (uvia_min_size 0.2)
    (uvia_min_drill 0.1)
    (edge_width 0.05)
    (segment_width 0.2)
    (pcb_text_width 0.3)
    (pcb_text_size 1.5 1.5)
    (mod_edge_width 0.12)
    (mod_text_size 1 1)
    (mod_text_width 0.15)
    (pad_size 1.524 1.524)
    (pad_drill 0.762)
    (pad_to_mask_clearance 0)
    (aux_axis_origin 0 0)
    (visible_elements FFFFFF7F)
    (pcbplotparams
      (layerselection 0x010fc_ffffffff)
      (usegerberextensions false)
      (usegerberattributes true)
      (usegerberadvancedattributes true)
      (creategerberjobfile true)
      (excludeedgelayer true)
      (linewidth 0.100000)
      (plotframeref false)
      (viasonmask false)
      (mode 1)
      (useauxorigin false)
      (hpglpennumber 1)
      (hpglpenspeed 20)
      (hpglpendiameter 15.000000)
      (psnegative false)
      (psa4output false)
      (plotreference true)
      (plotvalue true)
      (plotinvisibletext false)
      (padsonsilk false)
      (subtractmaskfromsilk false)
      (outputformat 1)
      (mirror false)
      (drillshape 1)
      (scaleselection 1)
      (outputdirectory ""))
  )

  (net 0 "")
  (net 1 GND)
  (net 2 /VDDANA)
  (net 3 +3V3)
  (net 4 /VDDCORE)
  (net 5 /nRST)
  (net 6 "Net-(C8-Pad1)")
  (net 7 +5V)
  (net 8 +3V0)
  (net 9 "Net-(C13-Pad1)")
  (net 10 "Net-(C14-Pad1)")
  (net 11 "Net-(C15-Pad1)")
  (net 12 "Net-(C16-Pad2)")
  (net 13 "Net-(C20-Pad1)")
  (net 14 "/Battery and Charge Management/VDD")
  (net 15 VAA)
  (net 16 "Net-(C25-Pad1)")
  (net 17 "Net-(C26-Pad1)")
  (net 18 "Net-(C28-Pad1)")
  (net 19 /Eink/PREVGL)
  (net 20 "Net-(C30-Pad1)")
  (net 21 "Net-(C31-Pad1)")
  (net 22 /Eink/VCOM)
  (net 23 "Net-(C33-Pad1)")
  (net 24 "Net-(C35-Pad1)")
  (net 25 "Net-(C35-Pad2)")
  (net 26 /Eink/PREVGH)
  (net 27 "Net-(D1-Pad2)")
  (net 28 "Net-(D2-Pad2)")
  (net 29 "Net-(D3-Pad2)")
  (net 30 "Net-(D4-Pad1)")
  (net 31 "Net-(D6-Pad1)")
  (net 32 "Net-(D6-Pad2)")
  (net 33 /LED1)
  (net 34 /LED2)
  (net 35 /LED3)
  (net 36 /LED4)
  (net 37 "Net-(J1-Pad4)")
  (net 38 "Net-(J1-Pad5)")
  (net 39 "Net-(J1-Pad7)")
  (net 40 "Net-(J1-Pad8)")
  (net 41 "Net-(J2-Pad1)")
  (net 42 "Net-(J2-Pad2)")
  (net 43 "Net-(J2-Pad3)")
  (net 44 "Net-(J2-Pad4)")
  (net 45 "/Battery and Charge Management/VN1")
  (net 46 "Net-(J4-Pad2)")
  (net 47 "Net-(J4-Pad3)")
  (net 48 "Net-(J4-Pad4)")
  (net 49 "Net-(J4-Pad6)")
  (net 50 /MOSI)
  (net 51 /SCLK)
  (net 52 /EINK_SS)
  (net 53 /DC)
  (net 54 /RES)
  (net 55 /BUSY)
  (net 56 "Net-(J5-Pad7)")
  (net 57 "Net-(J5-Pad6)")
  (net 58 /Eink/RESE)
  (net 59 /Eink/GDR)
  (net 60 "Net-(J5-Pad1)")
  (net 61 /SWDIO)
  (net 62 "Net-(R2-Pad2)")
  (net 63 /ADC_BATT_TEST)
  (net 64 +BATT)
  (net 65 "/Motor Driver and Boost/ADEC")
  (net 66 "/Motor Driver and Boost/AISEN")
  (net 67 "/Motor Driver and Boost/BISEN")
  (net 68 "Net-(R9-Pad1)")
  (net 69 "Net-(R10-Pad1)")
  (net 70 "Net-(R11-Pad1)")
  (net 71 "Net-(R12-Pad1)")
  (net 72 /nFAULT)
  (net 73 /BOOST_EN)
  (net 74 "Net-(R15-Pad1)")
  (net 75 "/Motor Driver and Boost/FB")
  (net 76 "Net-(R20-Pad1)")
  (net 77 "Net-(R21-Pad1)")
  (net 78 "Net-(R22-Pad1)")
  (net 79 "Net-(R23-Pad1)")
  (net 80 "Net-(C19-Pad1)")
  (net 81 "Net-(R24-Pad2)")
  (net 82 "Net-(R25-Pad2)")
  (net 83 "Net-(R27-Pad2)")
  (net 84 "Net-(R28-Pad1)")
  (net 85 "Net-(R29-Pad2)")
  (net 86 "Net-(R31-Pad1)")
  (net 87 "/Battery and Charge Management/VP1")
  (net 88 /USB_DETECT)
  (net 89 /BUTTON_1)
  (net 90 /BUTTON_2)
  (net 91 /BUTTON_3)
  (net 92 "Net-(IC1-Pad3)")
  (net 93 "Net-(IC1-Pad7)")
  (net 94 /SWDCLK)
  (net 95 /STEP)
  (net 96 /DIR)
  (net 97 /SS_RTC)
  (net 98 /MISO)
  (net 99 "Net-(U1-Pad41)")
  (net 100 "Net-(U1-Pad39)")
  (net 101 "Net-(U1-Pad38)")
  (net 102 "Net-(U1-Pad34)")
  (net 103 "Net-(U1-Pad33)")
  (net 104 "Net-(U1-Pad31)")
  (net 105 "Net-(U1-Pad30)")
  (net 106 "Net-(U1-Pad28)")
  (net 107 "Net-(U1-Pad27)")
  (net 108 "Net-(U1-Pad25)")
  (net 109 "Net-(U1-Pad9)")
  (net 110 "Net-(U1-Pad3)")
  (net 111 /FLASH_SS)
  (net 112 "Net-(U5-Pad4)")
  (net 113 "Net-(U5-Pad16)")
  (net 114 "Net-(U5-Pad15)")
  (net 115 "Net-(U5-Pad8)")
  (net 116 "Net-(Q1-Pad2)")
  (net 117 "Net-(Q2-Pad2)")
  (net 118 "Net-(U1-Pad47)")
  (net 119 "Net-(U1-Pad8)")
  (net 120 "Net-(U1-Pad7)")
  (net 121 VPP)

  (net_class Default "This is the default net class."
    (clearance 0.14)
    (trace_width 0.25)
    (via_dia 0.8)
    (via_drill 0.4)
    (uvia_dia 0.3)
    (uvia_drill 0.1)
    (add_net +3V0)
    (add_net +3V3)
    (add_net +5V)
    (add_net +BATT)
    (add_net /ADC_BATT_TEST)
    (add_net /BOOST_EN)
    (add_net /BUSY)
    (add_net /BUTTON_1)
    (add_net /BUTTON_2)
    (add_net /BUTTON_3)
    (add_net "/Battery and Charge Management/VDD")
    (add_net "/Battery and Charge Management/VN1")
    (add_net "/Battery and Charge Management/VP1")
    (add_net /DC)
    (add_net /DIR)
    (add_net /EINK_SS)
    (add_net /Eink/GDR)
    (add_net /Eink/PREVGH)
    (add_net /Eink/PREVGL)
    (add_net /Eink/RESE)
    (add_net /Eink/VCOM)
    (add_net /FLASH_SS)
    (add_net /LED1)
    (add_net /LED2)
    (add_net /LED3)
    (add_net /LED4)
    (add_net /MISO)
    (add_net /MOSI)
    (add_net "/Motor Driver and Boost/ADEC")
    (add_net "/Motor Driver and Boost/AISEN")
    (add_net "/Motor Driver and Boost/BISEN")
    (add_net "/Motor Driver and Boost/FB")
    (add_net /RES)
    (add_net /SCLK)
    (add_net /SS_RTC)
    (add_net /STEP)
    (add_net /SWDCLK)
    (add_net /SWDIO)
    (add_net /USB_DETECT)
    (add_net /VDDANA)
    (add_net /VDDCORE)
    (add_net /nFAULT)
    (add_net /nRST)
    (add_net GND)
    (add_net "Net-(C13-Pad1)")
    (add_net "Net-(C14-Pad1)")
    (add_net "Net-(C15-Pad1)")
    (add_net "Net-(C16-Pad2)")
    (add_net "Net-(C19-Pad1)")
    (add_net "Net-(C20-Pad1)")
    (add_net "Net-(C25-Pad1)")
    (add_net "Net-(C26-Pad1)")
    (add_net "Net-(C28-Pad1)")
    (add_net "Net-(C30-Pad1)")
    (add_net "Net-(C31-Pad1)")
    (add_net "Net-(C33-Pad1)")
    (add_net "Net-(C35-Pad1)")
    (add_net "Net-(C35-Pad2)")
    (add_net "Net-(C8-Pad1)")
    (add_net "Net-(D1-Pad2)")
    (add_net "Net-(D2-Pad2)")
    (add_net "Net-(D3-Pad2)")
    (add_net "Net-(D4-Pad1)")
    (add_net "Net-(D6-Pad1)")
    (add_net "Net-(D6-Pad2)")
    (add_net "Net-(IC1-Pad3)")
    (add_net "Net-(IC1-Pad7)")
    (add_net "Net-(J1-Pad4)")
    (add_net "Net-(J1-Pad5)")
    (add_net "Net-(J1-Pad7)")
    (add_net "Net-(J1-Pad8)")
    (add_net "Net-(J2-Pad1)")
    (add_net "Net-(J2-Pad2)")
    (add_net "Net-(J2-Pad3)")
    (add_net "Net-(J2-Pad4)")
    (add_net "Net-(J4-Pad2)")
    (add_net "Net-(J4-Pad3)")
    (add_net "Net-(J4-Pad4)")
    (add_net "Net-(J4-Pad6)")
    (add_net "Net-(J5-Pad1)")
    (add_net "Net-(J5-Pad6)")
    (add_net "Net-(J5-Pad7)")
    (add_net "Net-(Q1-Pad2)")
    (add_net "Net-(Q2-Pad2)")
    (add_net "Net-(R10-Pad1)")
    (add_net "Net-(R11-Pad1)")
    (add_net "Net-(R12-Pad1)")
    (add_net "Net-(R15-Pad1)")
    (add_net "Net-(R2-Pad2)")
    (add_net "Net-(R20-Pad1)")
    (add_net "Net-(R21-Pad1)")
    (add_net "Net-(R22-Pad1)")
    (add_net "Net-(R23-Pad1)")
    (add_net "Net-(R24-Pad2)")
    (add_net "Net-(R25-Pad2)")
    (add_net "Net-(R27-Pad2)")
    (add_net "Net-(R28-Pad1)")
    (add_net "Net-(R29-Pad2)")
    (add_net "Net-(R31-Pad1)")
    (add_net "Net-(R9-Pad1)")
    (add_net "Net-(U1-Pad25)")
    (add_net "Net-(U1-Pad27)")
    (add_net "Net-(U1-Pad28)")
    (add_net "Net-(U1-Pad3)")
    (add_net "Net-(U1-Pad30)")
    (add_net "Net-(U1-Pad31)")
    (add_net "Net-(U1-Pad33)")
    (add_net "Net-(U1-Pad34)")
    (add_net "Net-(U1-Pad38)")
    (add_net "Net-(U1-Pad39)")
    (add_net "Net-(U1-Pad41)")
    (add_net "Net-(U1-Pad47)")
    (add_net "Net-(U1-Pad7)")
    (add_net "Net-(U1-Pad8)")
    (add_net "Net-(U1-Pad9)")
    (add_net "Net-(U5-Pad15)")
    (add_net "Net-(U5-Pad16)")
    (add_net "Net-(U5-Pad4)")
    (add_net "Net-(U5-Pad8)")
    (add_net VAA)
    (add_net VPP)
  )

  (module Connector_PinHeader_1.27mm:PinHeader_2x05_P1.27mm_Vertical (layer F.Cu) (tedit 59FED6E3) (tstamp 60445106)
    (at 144.158677 36.491973 180)
    (descr "Through hole straight pin header, 2x05, 1.27mm pitch, double rows")
    (tags "Through hole pin header THT 2x05 1.27mm double row")
    (path /602C5782)
    (fp_text reference J1 (at 0.446189 -1.748506) (layer F.SilkS)
      (effects (font (size 0.9 0.5) (thickness 0.1)))
    )
    (fp_text value Conn_02x05 (at 0.635 6.775) (layer F.Fab)
      (effects (font (size 1 1) (thickness 0.15)))
    )
    (fp_line (start 2.85 -1.15) (end -1.6 -1.15) (layer F.CrtYd) (width 0.05))
    (fp_line (start 2.85 6.25) (end 2.85 -1.15) (layer F.CrtYd) (width 0.05))
    (fp_line (start -1.6 6.25) (end 2.85 6.25) (layer F.CrtYd) (width 0.05))
    (fp_line (start -1.6 -1.15) (end -1.6 6.25) (layer F.CrtYd) (width 0.05))
    (fp_line (start -1.13 -0.76) (end 0 -0.76) (layer F.SilkS) (width 0.12))
    (fp_line (start -1.13 0) (end -1.13 -0.76) (layer F.SilkS) (width 0.12))
    (fp_line (start 1.57753 -0.695) (end 2.4 -0.695) (layer F.SilkS) (width 0.12))
    (fp_line (start 0.76 -0.695) (end 0.96247 -0.695) (layer F.SilkS) (width 0.12))
    (fp_line (start 0.76 -0.563471) (end 0.76 -0.695) (layer F.SilkS) (width 0.12))
    (fp_line (start 0.76 0.706529) (end 0.76 0.563471) (layer F.SilkS) (width 0.12))
    (fp_line (start 0.563471 0.76) (end 0.706529 0.76) (layer F.SilkS) (width 0.12))
    (fp_line (start -1.13 0.76) (end -0.563471 0.76) (layer F.SilkS) (width 0.12))
    (fp_line (start 2.4 -0.695) (end 2.4 5.775) (layer F.SilkS) (width 0.12))
    (fp_line (start -1.13 0.76) (end -1.13 5.775) (layer F.SilkS) (width 0.12))
    (fp_line (start 0.30753 5.775) (end 0.96247 5.775) (layer F.SilkS) (width 0.12))
    (fp_line (start 1.57753 5.775) (end 2.4 5.775) (layer F.SilkS) (width 0.12))
    (fp_line (start -1.13 5.775) (end -0.30753 5.775) (layer F.SilkS) (width 0.12))
    (fp_line (start -1.07 0.2175) (end -0.2175 -0.635) (layer F.Fab) (width 0.1))
    (fp_line (start -1.07 5.715) (end -1.07 0.2175) (layer F.Fab) (width 0.1))
    (fp_line (start 2.34 5.715) (end -1.07 5.715) (layer F.Fab) (width 0.1))
    (fp_line (start 2.34 -0.635) (end 2.34 5.715) (layer F.Fab) (width 0.1))
    (fp_line (start -0.2175 -0.635) (end 2.34 -0.635) (layer F.Fab) (width 0.1))
    (fp_text user %R (at 0.635 2.54 90) (layer F.Fab)
      (effects (font (size 1 1) (thickness 0.15)))
    )
    (pad 1 thru_hole rect (at 0 0 180) (size 1 1) (drill 0.65) (layers *.Cu *.Mask)
      (net 3 +3V3))
    (pad 2 thru_hole oval (at 1.27 0 180) (size 1 1) (drill 0.65) (layers *.Cu *.Mask)
      (net 1 GND))
    (pad 3 thru_hole oval (at 0 1.27 180) (size 1 1) (drill 0.65) (layers *.Cu *.Mask)
      (net 1 GND))
    (pad 4 thru_hole oval (at 1.27 1.27 180) (size 1 1) (drill 0.65) (layers *.Cu *.Mask)
      (net 37 "Net-(J1-Pad4)"))
    (pad 5 thru_hole oval (at 0 2.54 180) (size 1 1) (drill 0.65) (layers *.Cu *.Mask)
      (net 38 "Net-(J1-Pad5)"))
    (pad 6 thru_hole oval (at 1.27 2.54 180) (size 1 1) (drill 0.65) (layers *.Cu *.Mask)
      (net 5 /nRST))
    (pad 7 thru_hole oval (at 0 3.81 180) (size 1 1) (drill 0.65) (layers *.Cu *.Mask)
      (net 39 "Net-(J1-Pad7)"))
    (pad 8 thru_hole oval (at 1.27 3.81 180) (size 1 1) (drill 0.65) (layers *.Cu *.Mask)
      (net 40 "Net-(J1-Pad8)"))
    (pad 9 thru_hole oval (at 0 5.08 180) (size 1 1) (drill 0.65) (layers *.Cu *.Mask)
      (net 94 /SWDCLK))
    (pad 10 thru_hole oval (at 1.27 5.08 180) (size 1 1) (drill 0.65) (layers *.Cu *.Mask)
      (net 61 /SWDIO))
    (model ${KISYS3DMOD}/Connector_PinHeader_1.27mm.3dshapes/PinHeader_2x05_P1.27mm_Vertical.wrl
      (at (xyz 0 0 0))
      (scale (xyz 1 1 1))
      (rotate (xyz 0 0 0))
    )
  )

  (module Inductor_SMD:L_Wuerth_WE-TPC-3816 (layer F.Cu) (tedit 5BB25AD9) (tstamp 6047863B)
    (at 167.166373 37.900737)
    (descr "L_Wuerth_WE-TPC-3816 StepUp generated footprint, http://katalog.we-online.de/pbs/datasheet/7440310047.pdf")
    (tags "wurth wuerth smd inductor")
    (path /60364252/603DF092)
    (attr smd)
    (fp_text reference L2 (at 0 0) (layer F.SilkS)
      (effects (font (size 0.9 0.5) (thickness 0.1)))
    )
    (fp_text value 4.7uH (at 0 3) (layer F.Fab)
      (effects (font (size 1 1) (thickness 0.15)))
    )
    (fp_text user %R (at 0 0) (layer F.Fab)
      (effects (font (size 1 1) (thickness 0.15)))
    )
    (fp_line (start 2.01 -0.37) (end 2.01 0.37) (layer F.SilkS) (width 0.12))
    (fp_line (start -2.01 0.37) (end -2.01 -0.37) (layer F.SilkS) (width 0.12))
    (fp_line (start -1.9 -1.9) (end 1.9 -1.9) (layer F.Fab) (width 0.1))
    (fp_line (start 1.9 -1.9) (end 1.9 1.9) (layer F.Fab) (width 0.1))
    (fp_line (start 1.9 1.9) (end -1.9 1.9) (layer F.Fab) (width 0.1))
    (fp_line (start -1.9 1.9) (end -1.9 -1.9) (layer F.Fab) (width 0.1))
    (fp_line (start -2.4 -2.4) (end 2.4 -2.4) (layer F.CrtYd) (width 0.05))
    (fp_line (start 2.4 -2.4) (end 2.4 2.4) (layer F.CrtYd) (width 0.05))
    (fp_line (start 2.4 2.4) (end -2.4 2.4) (layer F.CrtYd) (width 0.05))
    (fp_line (start -2.4 2.4) (end -2.4 -2.4) (layer F.CrtYd) (width 0.05))
    (pad 2 smd custom (at 0 1.75) (size 0.7 0.7) (layers F.Cu F.Paste F.Mask)
      (net 28 "Net-(D2-Pad2)") (zone_connect 2)
      (options (clearance outline) (anchor circle))
      (primitives
        (gr_poly (pts
           (xy 2.15 0.4) (xy -2.15 0.4) (xy -2.15 -1.2) (xy -1.177922 -1.2) (xy -1.064578 -1.003895)
           (xy -0.918917 -0.830439) (xy -0.745359 -0.684899) (xy -0.549174 -0.571693) (xy -0.336318 -0.494257) (xy -0.113252 -0.454942)
           (xy 0.113252 -0.454942) (xy 0.336318 -0.494257) (xy 0.549174 -0.571693) (xy 0.745359 -0.684899) (xy 0.918917 -0.830439)
           (xy 1.064578 -1.003895) (xy 1.177922 -1.2) (xy 2.15 -1.2)) (width 0))
      ))
    (pad 1 smd custom (at 0 -1.75) (size 0.7 0.7) (layers F.Cu F.Paste F.Mask)
      (net 8 +3V0) (zone_connect 2)
      (options (clearance outline) (anchor circle))
      (primitives
        (gr_poly (pts
           (xy 1.064578 1.003895) (xy 0.918917 0.830439) (xy 0.745359 0.684899) (xy 0.549174 0.571693) (xy 0.336318 0.494257)
           (xy 0.113252 0.454942) (xy -0.113252 0.454942) (xy -0.336318 0.494257) (xy -0.549174 0.571693) (xy -0.745359 0.684899)
           (xy -0.918917 0.830439) (xy -1.064578 1.003895) (xy -1.177922 1.2) (xy -2.15 1.2) (xy -2.15 -0.4)
           (xy 2.15 -0.4) (xy 2.15 1.2) (xy 1.177922 1.2)) (width 0))
      ))
    (model ${KISYS3DMOD}/Inductor_SMD.3dshapes/L_Wuerth_WE-TPC-3816.wrl
      (at (xyz 0 0 0))
      (scale (xyz 1 1 1))
      (rotate (xyz 0 0 0))
    )
  )

  (module "Footprint Library:SOT95P230X110-3N" (layer F.Cu) (tedit 603EAF17) (tstamp 604784BB)
    (at 168 33 90)
    (path /6043842D/604B34F7)
    (fp_text reference Q1 (at 2.526338 -0.111081 180) (layer F.SilkS)
      (effects (font (size 0.9 0.5) (thickness 0.1)))
    )
    (fp_text value "Q_PMOS_DGS G1S2G2D2S1D1" (at 4.5024 2.4064 90) (layer F.Fab)
      (effects (font (size 0.64 0.64) (thickness 0.015)))
    )
    (fp_line (start 0.65 -1.45) (end 0.65 1.45) (layer F.Fab) (width 0.127))
    (fp_line (start 0.65 1.45) (end -0.65 1.45) (layer F.Fab) (width 0.127))
    (fp_line (start -0.65 1.45) (end -0.65 -1.45) (layer F.Fab) (width 0.127))
    (fp_line (start -0.65 -1.45) (end 0.65 -1.45) (layer F.Fab) (width 0.127))
    (fp_line (start 0.65 -1.559) (end -0.65 -1.559) (layer F.SilkS) (width 0.127))
    (fp_line (start 0.65 1.559) (end -0.65 1.559) (layer F.SilkS) (width 0.127))
    (fp_line (start 1.86 -1.7) (end 1.86 1.7) (layer F.CrtYd) (width 0.05))
    (fp_line (start 1.86 1.7) (end -1.86 1.7) (layer F.CrtYd) (width 0.05))
    (fp_line (start -1.86 1.7) (end -1.86 -1.7) (layer F.CrtYd) (width 0.05))
    (fp_line (start -1.86 -1.7) (end 1.86 -1.7) (layer F.CrtYd) (width 0.05))
    (fp_circle (center -2.25 -0.95) (end -2.15 -0.95) (layer F.SilkS) (width 0.2))
    (fp_circle (center -2.25 -0.95) (end -2.15 -0.95) (layer F.Fab) (width 0.2))
    (fp_line (start 0.65 -1.559) (end 0.65 -0.61) (layer F.SilkS) (width 0.127))
    (fp_line (start 0.65 1.559) (end 0.65 0.61) (layer F.SilkS) (width 0.127))
    (pad 1 smd rect (at -0.98 -0.95 90) (size 1.26 0.59) (layers F.Cu F.Paste F.Mask)
      (net 8 +3V0))
    (pad 2 smd rect (at -0.98 0.95 90) (size 1.26 0.59) (layers F.Cu F.Paste F.Mask)
      (net 116 "Net-(Q1-Pad2)"))
    (pad 3 smd rect (at 0.98 0 90) (size 1.26 0.59) (layers F.Cu F.Paste F.Mask)
      (net 87 "/Battery and Charge Management/VP1"))
  )

  (module Capacitor_SMD:C_0603_1608Metric (layer F.Cu) (tedit 5F68FEEE) (tstamp 60444D33)
    (at 105.915001 -1.694999)
    (descr "Capacitor SMD 0603 (1608 Metric), square (rectangular) end terminal, IPC_7351 nominal, (Body size source: IPC-SM-782 page 76, https://www.pcb-3d.com/wordpress/wp-content/uploads/ipc-sm-782a_amendment_1_and_2.pdf), generated with kicad-footprint-generator")
    (tags capacitor)
    (path /602AAF0E)
    (attr smd)
    (fp_text reference C1 (at 0 -1.43) (layer F.SilkS)
      (effects (font (size 0.9 0.5) (thickness 0.1)))
    )
    (fp_text value 10uF (at 0 1.43) (layer F.Fab)
      (effects (font (size 1 1) (thickness 0.15)))
    )
    (fp_line (start 1.48 0.73) (end -1.48 0.73) (layer F.CrtYd) (width 0.05))
    (fp_line (start 1.48 -0.73) (end 1.48 0.73) (layer F.CrtYd) (width 0.05))
    (fp_line (start -1.48 -0.73) (end 1.48 -0.73) (layer F.CrtYd) (width 0.05))
    (fp_line (start -1.48 0.73) (end -1.48 -0.73) (layer F.CrtYd) (width 0.05))
    (fp_line (start -0.14058 0.51) (end 0.14058 0.51) (layer F.SilkS) (width 0.12))
    (fp_line (start -0.14058 -0.51) (end 0.14058 -0.51) (layer F.SilkS) (width 0.12))
    (fp_line (start 0.8 0.4) (end -0.8 0.4) (layer F.Fab) (width 0.1))
    (fp_line (start 0.8 -0.4) (end 0.8 0.4) (layer F.Fab) (width 0.1))
    (fp_line (start -0.8 -0.4) (end 0.8 -0.4) (layer F.Fab) (width 0.1))
    (fp_line (start -0.8 0.4) (end -0.8 -0.4) (layer F.Fab) (width 0.1))
    (fp_text user %R (at 0 0) (layer F.Fab)
      (effects (font (size 0.4 0.4) (thickness 0.06)))
    )
    (pad 1 smd roundrect (at -0.775 0) (size 0.9 0.95) (layers F.Cu F.Paste F.Mask) (roundrect_rratio 0.25)
      (net 2 /VDDANA))
    (pad 2 smd roundrect (at 0.775 0) (size 0.9 0.95) (layers F.Cu F.Paste F.Mask) (roundrect_rratio 0.25)
      (net 1 GND))
    (model ${KISYS3DMOD}/Capacitor_SMD.3dshapes/C_0603_1608Metric.wrl
      (at (xyz 0 0 0))
      (scale (xyz 1 1 1))
      (rotate (xyz 0 0 0))
    )
  )

  (module Capacitor_SMD:C_0603_1608Metric (layer F.Cu) (tedit 5F68FEEE) (tstamp 60444D44)
    (at 109.305001 -4.204999)
    (descr "Capacitor SMD 0603 (1608 Metric), square (rectangular) end terminal, IPC_7351 nominal, (Body size source: IPC-SM-782 page 76, https://www.pcb-3d.com/wordpress/wp-content/uploads/ipc-sm-782a_amendment_1_and_2.pdf), generated with kicad-footprint-generator")
    (tags capacitor)
    (path /602ABDD8)
    (attr smd)
    (fp_text reference C2 (at 0 -1.43) (layer F.SilkS)
      (effects (font (size 0.9 0.5) (thickness 0.1)))
    )
    (fp_text value 100nF (at 0 1.43) (layer F.Fab)
      (effects (font (size 1 1) (thickness 0.15)))
    )
    (fp_text user %R (at 0 0) (layer F.Fab)
      (effects (font (size 0.4 0.4) (thickness 0.06)))
    )
    (fp_line (start -0.8 0.4) (end -0.8 -0.4) (layer F.Fab) (width 0.1))
    (fp_line (start -0.8 -0.4) (end 0.8 -0.4) (layer F.Fab) (width 0.1))
    (fp_line (start 0.8 -0.4) (end 0.8 0.4) (layer F.Fab) (width 0.1))
    (fp_line (start 0.8 0.4) (end -0.8 0.4) (layer F.Fab) (width 0.1))
    (fp_line (start -0.14058 -0.51) (end 0.14058 -0.51) (layer F.SilkS) (width 0.12))
    (fp_line (start -0.14058 0.51) (end 0.14058 0.51) (layer F.SilkS) (width 0.12))
    (fp_line (start -1.48 0.73) (end -1.48 -0.73) (layer F.CrtYd) (width 0.05))
    (fp_line (start -1.48 -0.73) (end 1.48 -0.73) (layer F.CrtYd) (width 0.05))
    (fp_line (start 1.48 -0.73) (end 1.48 0.73) (layer F.CrtYd) (width 0.05))
    (fp_line (start 1.48 0.73) (end -1.48 0.73) (layer F.CrtYd) (width 0.05))
    (pad 2 smd roundrect (at 0.775 0) (size 0.9 0.95) (layers F.Cu F.Paste F.Mask) (roundrect_rratio 0.25)
      (net 1 GND))
    (pad 1 smd roundrect (at -0.775 0) (size 0.9 0.95) (layers F.Cu F.Paste F.Mask) (roundrect_rratio 0.25)
      (net 2 /VDDANA))
    (model ${KISYS3DMOD}/Capacitor_SMD.3dshapes/C_0603_1608Metric.wrl
      (at (xyz 0 0 0))
      (scale (xyz 1 1 1))
      (rotate (xyz 0 0 0))
    )
  )

  (module Capacitor_SMD:C_0603_1608Metric (layer F.Cu) (tedit 5F68FEEE) (tstamp 60444D55)
    (at 109.345001 -6.794999)
    (descr "Capacitor SMD 0603 (1608 Metric), square (rectangular) end terminal, IPC_7351 nominal, (Body size source: IPC-SM-782 page 76, https://www.pcb-3d.com/wordpress/wp-content/uploads/ipc-sm-782a_amendment_1_and_2.pdf), generated with kicad-footprint-generator")
    (tags capacitor)
    (path /602AE412)
    (attr smd)
    (fp_text reference C3 (at 0 -1.43) (layer F.SilkS)
      (effects (font (size 0.9 0.5) (thickness 0.1)))
    )
    (fp_text value 10uF (at 0 1.43) (layer F.Fab)
      (effects (font (size 1 1) (thickness 0.15)))
    )
    (fp_line (start 1.48 0.73) (end -1.48 0.73) (layer F.CrtYd) (width 0.05))
    (fp_line (start 1.48 -0.73) (end 1.48 0.73) (layer F.CrtYd) (width 0.05))
    (fp_line (start -1.48 -0.73) (end 1.48 -0.73) (layer F.CrtYd) (width 0.05))
    (fp_line (start -1.48 0.73) (end -1.48 -0.73) (layer F.CrtYd) (width 0.05))
    (fp_line (start -0.14058 0.51) (end 0.14058 0.51) (layer F.SilkS) (width 0.12))
    (fp_line (start -0.14058 -0.51) (end 0.14058 -0.51) (layer F.SilkS) (width 0.12))
    (fp_line (start 0.8 0.4) (end -0.8 0.4) (layer F.Fab) (width 0.1))
    (fp_line (start 0.8 -0.4) (end 0.8 0.4) (layer F.Fab) (width 0.1))
    (fp_line (start -0.8 -0.4) (end 0.8 -0.4) (layer F.Fab) (width 0.1))
    (fp_line (start -0.8 0.4) (end -0.8 -0.4) (layer F.Fab) (width 0.1))
    (fp_text user %R (at 0 0) (layer F.Fab)
      (effects (font (size 0.4 0.4) (thickness 0.06)))
    )
    (pad 1 smd roundrect (at -0.775 0) (size 0.9 0.95) (layers F.Cu F.Paste F.Mask) (roundrect_rratio 0.25)
      (net 3 +3V3))
    (pad 2 smd roundrect (at 0.775 0) (size 0.9 0.95) (layers F.Cu F.Paste F.Mask) (roundrect_rratio 0.25)
      (net 1 GND))
    (model ${KISYS3DMOD}/Capacitor_SMD.3dshapes/C_0603_1608Metric.wrl
      (at (xyz 0 0 0))
      (scale (xyz 1 1 1))
      (rotate (xyz 0 0 0))
    )
  )

  (module Capacitor_SMD:C_0603_1608Metric (layer F.Cu) (tedit 5F68FEEE) (tstamp 60444D66)
    (at 97.895001 -1.204999)
    (descr "Capacitor SMD 0603 (1608 Metric), square (rectangular) end terminal, IPC_7351 nominal, (Body size source: IPC-SM-782 page 76, https://www.pcb-3d.com/wordpress/wp-content/uploads/ipc-sm-782a_amendment_1_and_2.pdf), generated with kicad-footprint-generator")
    (tags capacitor)
    (path /602B1018)
    (attr smd)
    (fp_text reference C4 (at 0 -1.43) (layer F.SilkS)
      (effects (font (size 0.9 0.5) (thickness 0.1)))
    )
    (fp_text value 100nF (at 0 1.43) (layer F.Fab)
      (effects (font (size 1 1) (thickness 0.15)))
    )
    (fp_text user %R (at 0 0) (layer F.Fab)
      (effects (font (size 0.4 0.4) (thickness 0.06)))
    )
    (fp_line (start -0.8 0.4) (end -0.8 -0.4) (layer F.Fab) (width 0.1))
    (fp_line (start -0.8 -0.4) (end 0.8 -0.4) (layer F.Fab) (width 0.1))
    (fp_line (start 0.8 -0.4) (end 0.8 0.4) (layer F.Fab) (width 0.1))
    (fp_line (start 0.8 0.4) (end -0.8 0.4) (layer F.Fab) (width 0.1))
    (fp_line (start -0.14058 -0.51) (end 0.14058 -0.51) (layer F.SilkS) (width 0.12))
    (fp_line (start -0.14058 0.51) (end 0.14058 0.51) (layer F.SilkS) (width 0.12))
    (fp_line (start -1.48 0.73) (end -1.48 -0.73) (layer F.CrtYd) (width 0.05))
    (fp_line (start -1.48 -0.73) (end 1.48 -0.73) (layer F.CrtYd) (width 0.05))
    (fp_line (start 1.48 -0.73) (end 1.48 0.73) (layer F.CrtYd) (width 0.05))
    (fp_line (start 1.48 0.73) (end -1.48 0.73) (layer F.CrtYd) (width 0.05))
    (pad 2 smd roundrect (at 0.775 0) (size 0.9 0.95) (layers F.Cu F.Paste F.Mask) (roundrect_rratio 0.25)
      (net 1 GND))
    (pad 1 smd roundrect (at -0.775 0) (size 0.9 0.95) (layers F.Cu F.Paste F.Mask) (roundrect_rratio 0.25)
      (net 3 +3V3))
    (model ${KISYS3DMOD}/Capacitor_SMD.3dshapes/C_0603_1608Metric.wrl
      (at (xyz 0 0 0))
      (scale (xyz 1 1 1))
      (rotate (xyz 0 0 0))
    )
  )

  (module Capacitor_SMD:C_0603_1608Metric (layer F.Cu) (tedit 5F68FEEE) (tstamp 60444D77)
    (at 110.795001 -12.734999)
    (descr "Capacitor SMD 0603 (1608 Metric), square (rectangular) end terminal, IPC_7351 nominal, (Body size source: IPC-SM-782 page 76, https://www.pcb-3d.com/wordpress/wp-content/uploads/ipc-sm-782a_amendment_1_and_2.pdf), generated with kicad-footprint-generator")
    (tags capacitor)
    (path /602B0483)
    (attr smd)
    (fp_text reference C5 (at 0 -1.43) (layer F.SilkS)
      (effects (font (size 0.9 0.5) (thickness 0.1)))
    )
    (fp_text value 100nF (at 0 1.43) (layer F.Fab)
      (effects (font (size 1 1) (thickness 0.15)))
    )
    (fp_text user %R (at 0 0) (layer F.Fab)
      (effects (font (size 0.4 0.4) (thickness 0.06)))
    )
    (fp_line (start -0.8 0.4) (end -0.8 -0.4) (layer F.Fab) (width 0.1))
    (fp_line (start -0.8 -0.4) (end 0.8 -0.4) (layer F.Fab) (width 0.1))
    (fp_line (start 0.8 -0.4) (end 0.8 0.4) (layer F.Fab) (width 0.1))
    (fp_line (start 0.8 0.4) (end -0.8 0.4) (layer F.Fab) (width 0.1))
    (fp_line (start -0.14058 -0.51) (end 0.14058 -0.51) (layer F.SilkS) (width 0.12))
    (fp_line (start -0.14058 0.51) (end 0.14058 0.51) (layer F.SilkS) (width 0.12))
    (fp_line (start -1.48 0.73) (end -1.48 -0.73) (layer F.CrtYd) (width 0.05))
    (fp_line (start -1.48 -0.73) (end 1.48 -0.73) (layer F.CrtYd) (width 0.05))
    (fp_line (start 1.48 -0.73) (end 1.48 0.73) (layer F.CrtYd) (width 0.05))
    (fp_line (start 1.48 0.73) (end -1.48 0.73) (layer F.CrtYd) (width 0.05))
    (pad 2 smd roundrect (at 0.775 0) (size 0.9 0.95) (layers F.Cu F.Paste F.Mask) (roundrect_rratio 0.25)
      (net 1 GND))
    (pad 1 smd roundrect (at -0.775 0) (size 0.9 0.95) (layers F.Cu F.Paste F.Mask) (roundrect_rratio 0.25)
      (net 3 +3V3))
    (model ${KISYS3DMOD}/Capacitor_SMD.3dshapes/C_0603_1608Metric.wrl
      (at (xyz 0 0 0))
      (scale (xyz 1 1 1))
      (rotate (xyz 0 0 0))
    )
  )

  (module Capacitor_SMD:C_0603_1608Metric (layer B.Cu) (tedit 5F68FEEE) (tstamp 6048941D)
    (at 145.782677 42.222757 270)
    (descr "Capacitor SMD 0603 (1608 Metric), square (rectangular) end terminal, IPC_7351 nominal, (Body size source: IPC-SM-782 page 76, https://www.pcb-3d.com/wordpress/wp-content/uploads/ipc-sm-782a_amendment_1_and_2.pdf), generated with kicad-footprint-generator")
    (tags capacitor)
    (path /602AF5A7)
    (attr smd)
    (fp_text reference C6 (at 0 1.43 270) (layer B.SilkS)
      (effects (font (size 0.9 0.5) (thickness 0.1)) (justify mirror))
    )
    (fp_text value 1uF (at 0 -1.43 270) (layer B.Fab)
      (effects (font (size 1 1) (thickness 0.15)) (justify mirror))
    )
    (fp_line (start 1.48 -0.73) (end -1.48 -0.73) (layer B.CrtYd) (width 0.05))
    (fp_line (start 1.48 0.73) (end 1.48 -0.73) (layer B.CrtYd) (width 0.05))
    (fp_line (start -1.48 0.73) (end 1.48 0.73) (layer B.CrtYd) (width 0.05))
    (fp_line (start -1.48 -0.73) (end -1.48 0.73) (layer B.CrtYd) (width 0.05))
    (fp_line (start -0.14058 -0.51) (end 0.14058 -0.51) (layer B.SilkS) (width 0.12))
    (fp_line (start -0.14058 0.51) (end 0.14058 0.51) (layer B.SilkS) (width 0.12))
    (fp_line (start 0.8 -0.4) (end -0.8 -0.4) (layer B.Fab) (width 0.1))
    (fp_line (start 0.8 0.4) (end 0.8 -0.4) (layer B.Fab) (width 0.1))
    (fp_line (start -0.8 0.4) (end 0.8 0.4) (layer B.Fab) (width 0.1))
    (fp_line (start -0.8 -0.4) (end -0.8 0.4) (layer B.Fab) (width 0.1))
    (fp_text user %R (at 0 0 270) (layer B.Fab)
      (effects (font (size 0.4 0.4) (thickness 0.06)) (justify mirror))
    )
    (pad 1 smd roundrect (at -0.775 0 270) (size 0.9 0.95) (layers B.Cu B.Paste B.Mask) (roundrect_rratio 0.25)
      (net 4 /VDDCORE))
    (pad 2 smd roundrect (at 0.775 0 270) (size 0.9 0.95) (layers B.Cu B.Paste B.Mask) (roundrect_rratio 0.25)
      (net 1 GND))
    (model ${KISYS3DMOD}/Capacitor_SMD.3dshapes/C_0603_1608Metric.wrl
      (at (xyz 0 0 0))
      (scale (xyz 1 1 1))
      (rotate (xyz 0 0 0))
    )
  )

  (module Capacitor_SMD:C_0603_1608Metric (layer F.Cu) (tedit 5F68FEEE) (tstamp 60444D99)
    (at 105.295001 -4.204999)
    (descr "Capacitor SMD 0603 (1608 Metric), square (rectangular) end terminal, IPC_7351 nominal, (Body size source: IPC-SM-782 page 76, https://www.pcb-3d.com/wordpress/wp-content/uploads/ipc-sm-782a_amendment_1_and_2.pdf), generated with kicad-footprint-generator")
    (tags capacitor)
    (path /602DF330)
    (attr smd)
    (fp_text reference C7 (at 0 -1.43) (layer F.SilkS)
      (effects (font (size 0.9 0.5) (thickness 0.1)))
    )
    (fp_text value 100pF (at 0 1.43) (layer F.Fab)
      (effects (font (size 1 1) (thickness 0.15)))
    )
    (fp_line (start 1.48 0.73) (end -1.48 0.73) (layer F.CrtYd) (width 0.05))
    (fp_line (start 1.48 -0.73) (end 1.48 0.73) (layer F.CrtYd) (width 0.05))
    (fp_line (start -1.48 -0.73) (end 1.48 -0.73) (layer F.CrtYd) (width 0.05))
    (fp_line (start -1.48 0.73) (end -1.48 -0.73) (layer F.CrtYd) (width 0.05))
    (fp_line (start -0.14058 0.51) (end 0.14058 0.51) (layer F.SilkS) (width 0.12))
    (fp_line (start -0.14058 -0.51) (end 0.14058 -0.51) (layer F.SilkS) (width 0.12))
    (fp_line (start 0.8 0.4) (end -0.8 0.4) (layer F.Fab) (width 0.1))
    (fp_line (start 0.8 -0.4) (end 0.8 0.4) (layer F.Fab) (width 0.1))
    (fp_line (start -0.8 -0.4) (end 0.8 -0.4) (layer F.Fab) (width 0.1))
    (fp_line (start -0.8 0.4) (end -0.8 -0.4) (layer F.Fab) (width 0.1))
    (fp_text user %R (at 0 0) (layer F.Fab)
      (effects (font (size 0.4 0.4) (thickness 0.06)))
    )
    (pad 1 smd roundrect (at -0.775 0) (size 0.9 0.95) (layers F.Cu F.Paste F.Mask) (roundrect_rratio 0.25)
      (net 3 +3V3))
    (pad 2 smd roundrect (at 0.775 0) (size 0.9 0.95) (layers F.Cu F.Paste F.Mask) (roundrect_rratio 0.25)
      (net 5 /nRST))
    (model ${KISYS3DMOD}/Capacitor_SMD.3dshapes/C_0603_1608Metric.wrl
      (at (xyz 0 0 0))
      (scale (xyz 1 1 1))
      (rotate (xyz 0 0 0))
    )
  )

  (module Capacitor_SMD:C_0603_1608Metric (layer F.Cu) (tedit 5F68FEEE) (tstamp 60444DAA)
    (at 114.755001 55.385001)
    (descr "Capacitor SMD 0603 (1608 Metric), square (rectangular) end terminal, IPC_7351 nominal, (Body size source: IPC-SM-782 page 76, https://www.pcb-3d.com/wordpress/wp-content/uploads/ipc-sm-782a_amendment_1_and_2.pdf), generated with kicad-footprint-generator")
    (tags capacitor)
    (path /60364252/6036E239)
    (attr smd)
    (fp_text reference C8 (at 0 -1.43) (layer F.SilkS)
      (effects (font (size 0.9 0.5) (thickness 0.1)))
    )
    (fp_text value 10uF (at 0 1.43) (layer F.Fab)
      (effects (font (size 1 1) (thickness 0.15)))
    )
    (fp_text user %R (at 0 0) (layer F.Fab)
      (effects (font (size 0.4 0.4) (thickness 0.06)))
    )
    (fp_line (start -0.8 0.4) (end -0.8 -0.4) (layer F.Fab) (width 0.1))
    (fp_line (start -0.8 -0.4) (end 0.8 -0.4) (layer F.Fab) (width 0.1))
    (fp_line (start 0.8 -0.4) (end 0.8 0.4) (layer F.Fab) (width 0.1))
    (fp_line (start 0.8 0.4) (end -0.8 0.4) (layer F.Fab) (width 0.1))
    (fp_line (start -0.14058 -0.51) (end 0.14058 -0.51) (layer F.SilkS) (width 0.12))
    (fp_line (start -0.14058 0.51) (end 0.14058 0.51) (layer F.SilkS) (width 0.12))
    (fp_line (start -1.48 0.73) (end -1.48 -0.73) (layer F.CrtYd) (width 0.05))
    (fp_line (start -1.48 -0.73) (end 1.48 -0.73) (layer F.CrtYd) (width 0.05))
    (fp_line (start 1.48 -0.73) (end 1.48 0.73) (layer F.CrtYd) (width 0.05))
    (fp_line (start 1.48 0.73) (end -1.48 0.73) (layer F.CrtYd) (width 0.05))
    (pad 2 smd roundrect (at 0.775 0) (size 0.9 0.95) (layers F.Cu F.Paste F.Mask) (roundrect_rratio 0.25)
      (net 1 GND))
    (pad 1 smd roundrect (at -0.775 0) (size 0.9 0.95) (layers F.Cu F.Paste F.Mask) (roundrect_rratio 0.25)
      (net 6 "Net-(C8-Pad1)"))
    (model ${KISYS3DMOD}/Capacitor_SMD.3dshapes/C_0603_1608Metric.wrl
      (at (xyz 0 0 0))
      (scale (xyz 1 1 1))
      (rotate (xyz 0 0 0))
    )
  )

  (module Capacitor_SMD:C_0603_1608Metric (layer F.Cu) (tedit 5F68FEEE) (tstamp 60444DBB)
    (at 111.595001 60.755001)
    (descr "Capacitor SMD 0603 (1608 Metric), square (rectangular) end terminal, IPC_7351 nominal, (Body size source: IPC-SM-782 page 76, https://www.pcb-3d.com/wordpress/wp-content/uploads/ipc-sm-782a_amendment_1_and_2.pdf), generated with kicad-footprint-generator")
    (tags capacitor)
    (path /60364252/6036E205)
    (attr smd)
    (fp_text reference C9 (at 0 -1.43) (layer F.SilkS)
      (effects (font (size 0.9 0.5) (thickness 0.1)))
    )
    (fp_text value 10uF (at 0 1.43) (layer F.Fab)
      (effects (font (size 1 1) (thickness 0.15)))
    )
    (fp_text user %R (at 0 0) (layer F.Fab)
      (effects (font (size 0.4 0.4) (thickness 0.06)))
    )
    (fp_line (start -0.8 0.4) (end -0.8 -0.4) (layer F.Fab) (width 0.1))
    (fp_line (start -0.8 -0.4) (end 0.8 -0.4) (layer F.Fab) (width 0.1))
    (fp_line (start 0.8 -0.4) (end 0.8 0.4) (layer F.Fab) (width 0.1))
    (fp_line (start 0.8 0.4) (end -0.8 0.4) (layer F.Fab) (width 0.1))
    (fp_line (start -0.14058 -0.51) (end 0.14058 -0.51) (layer F.SilkS) (width 0.12))
    (fp_line (start -0.14058 0.51) (end 0.14058 0.51) (layer F.SilkS) (width 0.12))
    (fp_line (start -1.48 0.73) (end -1.48 -0.73) (layer F.CrtYd) (width 0.05))
    (fp_line (start -1.48 -0.73) (end 1.48 -0.73) (layer F.CrtYd) (width 0.05))
    (fp_line (start 1.48 -0.73) (end 1.48 0.73) (layer F.CrtYd) (width 0.05))
    (fp_line (start 1.48 0.73) (end -1.48 0.73) (layer F.CrtYd) (width 0.05))
    (pad 2 smd roundrect (at 0.775 0) (size 0.9 0.95) (layers F.Cu F.Paste F.Mask) (roundrect_rratio 0.25)
      (net 7 +5V))
    (pad 1 smd roundrect (at -0.775 0) (size 0.9 0.95) (layers F.Cu F.Paste F.Mask) (roundrect_rratio 0.25)
      (net 1 GND))
    (model ${KISYS3DMOD}/Capacitor_SMD.3dshapes/C_0603_1608Metric.wrl
      (at (xyz 0 0 0))
      (scale (xyz 1 1 1))
      (rotate (xyz 0 0 0))
    )
  )

  (module Capacitor_SMD:C_0603_1608Metric (layer F.Cu) (tedit 5F68FEEE) (tstamp 60444DCC)
    (at 114.755001 57.895001)
    (descr "Capacitor SMD 0603 (1608 Metric), square (rectangular) end terminal, IPC_7351 nominal, (Body size source: IPC-SM-782 page 76, https://www.pcb-3d.com/wordpress/wp-content/uploads/ipc-sm-782a_amendment_1_and_2.pdf), generated with kicad-footprint-generator")
    (tags capacitor)
    (path /60364252/6036E20B)
    (attr smd)
    (fp_text reference C10 (at 0 -1.43) (layer F.SilkS)
      (effects (font (size 0.9 0.5) (thickness 0.1)))
    )
    (fp_text value 100nF (at 0 1.43) (layer F.Fab)
      (effects (font (size 1 1) (thickness 0.15)))
    )
    (fp_line (start 1.48 0.73) (end -1.48 0.73) (layer F.CrtYd) (width 0.05))
    (fp_line (start 1.48 -0.73) (end 1.48 0.73) (layer F.CrtYd) (width 0.05))
    (fp_line (start -1.48 -0.73) (end 1.48 -0.73) (layer F.CrtYd) (width 0.05))
    (fp_line (start -1.48 0.73) (end -1.48 -0.73) (layer F.CrtYd) (width 0.05))
    (fp_line (start -0.14058 0.51) (end 0.14058 0.51) (layer F.SilkS) (width 0.12))
    (fp_line (start -0.14058 -0.51) (end 0.14058 -0.51) (layer F.SilkS) (width 0.12))
    (fp_line (start 0.8 0.4) (end -0.8 0.4) (layer F.Fab) (width 0.1))
    (fp_line (start 0.8 -0.4) (end 0.8 0.4) (layer F.Fab) (width 0.1))
    (fp_line (start -0.8 -0.4) (end 0.8 -0.4) (layer F.Fab) (width 0.1))
    (fp_line (start -0.8 0.4) (end -0.8 -0.4) (layer F.Fab) (width 0.1))
    (fp_text user %R (at 0 0) (layer F.Fab)
      (effects (font (size 0.4 0.4) (thickness 0.06)))
    )
    (pad 1 smd roundrect (at -0.775 0) (size 0.9 0.95) (layers F.Cu F.Paste F.Mask) (roundrect_rratio 0.25)
      (net 1 GND))
    (pad 2 smd roundrect (at 0.775 0) (size 0.9 0.95) (layers F.Cu F.Paste F.Mask) (roundrect_rratio 0.25)
      (net 7 +5V))
    (model ${KISYS3DMOD}/Capacitor_SMD.3dshapes/C_0603_1608Metric.wrl
      (at (xyz 0 0 0))
      (scale (xyz 1 1 1))
      (rotate (xyz 0 0 0))
    )
  )

  (module "Footprint Library:CAP_DSK-3R3H703T414-HLL" (layer F.Cu) (tedit 603EC429) (tstamp 60444DE4)
    (at 134.075855 24.302788 180)
    (path /60364252/6036E211)
    (fp_text reference C11 (at 0.075855 0.302788) (layer F.SilkS)
      (effects (font (size 0.9 0.5) (thickness 0.1)))
    )
    (fp_text value 70mF (at 6.741513 4.629549) (layer F.Fab)
      (effects (font (size 0.640443 0.640443) (thickness 0.015)))
    )
    (fp_text user + (at 3.27688 -2.45739) (layer F.Fab)
      (effects (font (size 1.003913 1.003913) (thickness 0.015)))
    )
    (fp_text user - (at 3.53961 3.64611) (layer F.SilkS)
      (effects (font (size 1.005236 1.005236) (thickness 0.015)))
    )
    (fp_text user + (at 3.27369 -2.46053) (layer F.SilkS)
      (effects (font (size 1.004575 1.004575) (thickness 0.015)))
    )
    (fp_text user - (at 3.55108 3.63556) (layer F.Fab)
      (effects (font (size 1.003638 1.003638) (thickness 0.015)))
    )
    (fp_line (start 2.4 -3.7) (end 1.46 -3.7) (layer F.SilkS) (width 0.127))
    (fp_line (start 2.4 3.7) (end 2.4 -3.7) (layer F.SilkS) (width 0.127))
    (fp_line (start 1.93 3.7) (end 2.4 3.7) (layer F.SilkS) (width 0.127))
    (fp_line (start -2.4 3.7) (end -1.93 3.7) (layer F.SilkS) (width 0.127))
    (fp_line (start -2.4 -3.7) (end -2.4 3.7) (layer F.SilkS) (width 0.127))
    (fp_line (start -1.44 -3.7) (end -2.4 -3.7) (layer F.SilkS) (width 0.127))
    (fp_line (start 2.4 3.7) (end -2.4 3.7) (layer F.Fab) (width 0.127))
    (fp_line (start 2.4 -3.7) (end 2.4 3.7) (layer F.Fab) (width 0.127))
    (fp_line (start -2.4 -3.7) (end 2.4 -3.7) (layer F.Fab) (width 0.127))
    (fp_line (start -2.4 3.7) (end -2.4 -3.7) (layer F.Fab) (width 0.127))
    (fp_line (start 2.65 -4.05) (end -2.65 -4.05) (layer F.CrtYd) (width 0.05))
    (fp_line (start 2.65 4.05) (end 2.65 -4.05) (layer F.CrtYd) (width 0.05))
    (fp_line (start -2.65 4.05) (end 2.65 4.05) (layer F.CrtYd) (width 0.05))
    (fp_line (start -2.65 -4.05) (end -2.65 4.05) (layer F.CrtYd) (width 0.05))
    (pad 1 smd rect (at 0 -3.05 180) (size 2.5 1.5) (layers F.Cu F.Paste F.Mask)
      (net 7 +5V))
    (pad 2 smd rect (at 0 3.05 180) (size 3.5 1.5) (layers F.Cu F.Paste F.Mask)
      (net 1 GND))
  )

  (module Capacitor_SMD:C_0603_1608Metric (layer F.Cu) (tedit 5F68FEEE) (tstamp 60444DF5)
    (at 160.115709 46.249417 270)
    (descr "Capacitor SMD 0603 (1608 Metric), square (rectangular) end terminal, IPC_7351 nominal, (Body size source: IPC-SM-782 page 76, https://www.pcb-3d.com/wordpress/wp-content/uploads/ipc-sm-782a_amendment_1_and_2.pdf), generated with kicad-footprint-generator")
